Month #,Beginning Balance,Interest,Ending Balance
0,50000.0,0,50000.0
1,50000.0,312.5,49262.5
2,49262.5,307.89062499999994,48520.390625
3,48520.390625,303.25244140625,47773.64306640625
4,47773.64306640625,298.58526916503905,47022.228335571286
5,47022.228335571286,293.8889270973205,46266.11726266861
6,46266.11726266861,289.1632328916788,45505.28049556029
7,45505.28049556029,284.4080030972518,44739.688498657546
8,44739.688498657546,279.62305311660964,43969.31155177415
9,43969.31155177415,274.80819719858846,43194.11974897274
10,43194.11974897274,269.96324843107965,42414.08299740382
11,42414.08299740382,265.0880187337739,41629.171016137596
12,41629.171016137596,260.18231885086,40839.35333498845
13,40839.35333498845,255.2459583436778,40044.59929333213
14,40044.59929333213,250.27874558332582,39244.878038915456
15,39244.878038915456,245.2804877432216,38440.15852665868
16,38440.15852665868,240.25099079161672,37630.409517450295
17,37630.409517450295,235.19005948406434,36815.59957693436
18,36815.59957693436,230.09749735583972,35995.6970742902
19,35995.6970742902,224.97310671431373,35170.67018100451
20,35170.67018100451,219.8166886312782,34340.48686963579
21,34340.48686963579,214.62804293522368,33505.114912571014
22,33505.114912571014,209.40696820356882,32664.521880774584
23,32664.521880774584,204.15326175484114,31818.675142529428
24,31818.675142529428,198.86671964080892,30967.541862170237
25,30967.541862170237,193.54713663856396,30111.088998808802
26,30111.088998808802,188.194306242555,29249.28330505136
27,29249.28330505136,182.80802065657096,28382.09132570793
28,28382.09132570793,177.38807078567456,27509.479396493603
29,27509.479396493603,171.93424622808502,26631.413642721687
30,26631.413642721687,166.44633526701054,25747.859977988697
31,25747.859977988697,160.92412486242935,24858.784102851125
32,24858.784102851125,155.36740064281955,23964.151503493944
33,23964.151503493944,149.77594689683716,23063.92745039078
34,23063.92745039078,144.14954656494237,22158.076996955722
35,22158.076996955722,138.48798123097328,21246.564978186696
36,21246.564978186696,132.79103111366683,20329.35600930036
37,20329.35600930036,127.05847505812724,19406.414484358487
38,19406.414484358487,121.29009052724055,18477.704574885727
39,18477.704574885727,115.48565359303579,17543.190228478765
40,17543.190228478765,109.64493892799227,16602.835167406756
41,16602.835167406756,103.76771979629223,15656.602887203047
42,15656.602887203047,97.85376804501904,14704.456655248066
43,14704.456655248066,91.90285409530041,13746.359509343367
44,13746.359509343367,85.91474693339603,12782.274256276763
45,12782.274256276763,79.88921410172976,11812.163470378493
46,11812.163470378493,73.82602168986558,10835.989492068358
47,10835.989492068358,67.72493432542724,9853.714426393786
48,9853.714426393786,61.585715164961165,8865.300141558748
49,8865.300141558748,55.40812588474218,7870.70826744349
50,7870.70826744349,49.191926671521806,6869.900194115012
51,6869.900194115012,42.93687621321882,5862.837070328231
52,5862.837070328231,36.64273168955144,4849.479802017782
53,4849.479802017782,30.309248762611137,3829.789050780393
54,3829.789050780393,23.936181567377457,2803.7252323477705
55,2803.7252323477705,17.523282702173564,1771.2485150499442
56,1771.2485150499442,11.07030321906215,732.3188182690064
57,732.3188182690064,4.5769926141812896,0
